200.0
20.0000
19.3640
18.7473
18.1493
17.5693
17.0070
16.4616
15.9328
15.4200
14.9227
14.4405
13.9729
13.5195
13.0797
12.6533
12.2398
11.8389
11.4501
11.0730
10.7074
10.3528
10.0090
9.6756
9.3523
9.0388
8.7348
8.4400
8.1541
7.8768
7.6080
7.3473
7.0945
6.8494
6.6117
6.3811
6.1576
5.9408
5.7306
5.5268
5.3291
5.1375
4.9516
4.7714
4.5966
4.4271
4.2627
4.1033
3.9488
3.7989
3.6536
3.5127
3.3760
3.2435
3.1149
2.9903
2.8695
2.7523
2.6387
2.5285
2.4216
2.3180
2.2175
2.1201
2.0256
1.9339
1.8451
1.7720
1.7589
1.6754
1.5943
1.5158
1.4396
1.3657
1.2941
1.2246
1.1572
1.0919
1.0285
0.9671
0.9075
0.8498
0.7937
0.7394
0.6867
0.6357
0.5861
0.5381
0.4915
0.4463
0.4025
0.3601
0.3189
0.2789
0.2402
0.2026
0.1662
0.1309
0.0966
0.0634
0.0450
0.0312
0.0120
0.0000
